0
60
1125899|Cleaner|28,53
1165067|Cosmic Chaos|53,878
822119|Capitão América: Admirável Mundo Novo|28,53,878
1373723|The Codes of War|28,10752
1229730|Mestres do Assalto|28,12
1261050|De lydløse|28,18
1197306|Resgate Implacável|28,80,53
1388366|Popeye: O Homem Assassino|27
447273|Branca de Neve|10751,14
762509|Mufasa: O Rei Leão|12,10751,16
1241982|Moana 2|16,12,10751,35
257094|Holland|53,9648
1297763|Batman Ninja vs. Liga da Yakuza|16,28
1356039|Contra-Ataque|28,12,53
1254786|A Lista da Minha Vida|10749,35,18
1301650|Z Zone|27
1126166|Ameaça no Ar|28,80,53
939243|Sonic 3: O Filme|28,878,35,10751,12,14
950396|Entre Montanhas|10749,878,53
1139937|Frogman|27,14
1077782|Old Guy|28,35
1405338|Demon City|28,80,14,53
1252309|Peça-me o Que Quiser|10749,18
777443|The Electric State|878,12,28
1217379|Cão de Briga|28,80,53
1124620|O Macaco|27,35
1441734|Giro final|27
950387|Um Filme Minecraft|10751,35,12,14
1084199|Acompanhante Perfeita|35,27,878,53
1143407|स्काई फ़ोर्स|28,53
1062276|Dark Match|28,27
927342|Major Imortal|28,18,12,10752
1151470|The Vigilante|53,28
539972|Kraven: O Caçador|28,12,53
995926|Eu, O Carrasco|28,80
1104845|Plankton: O Filme|16,12,35,10751,14
912649|Venom: A Última Rodada|28,878,12
912032|Mar.IA|27,53,878
823219|Flow|16,14,12
1357633|Solo Leveling -Segundo Despertar-|28,12,14,16
1064486|Memórias de um Caracol|16,18,35
1160956|Operação Panda|28,35
558449|Gladiador 2|28,12,18
696506|Mickey 17|878,35,12
1140535|Presença|27,18,53
1391385|Golpe de Superação|18,53
533535|Deadpool & Wolverine|28,35,878
1210938|Revelações|53,80,9648
926670|Henry Danger: O Filme|28,35,10751,878
519182|Meu Malvado Favorito 4|16,10751,35,878
937393|Bloat|27
1226406|Amor Bandido|28,35,10749
1184918|Robô Selvagem|16,878,10751
933260|A Substância|27,878
1407861|The Bayou|53,27,28
1064213|Anora|18,35,10749
1286663|Maníaco do Controle|27
1244361|Operação Undead|27,28,53
1145725|De Tyler Perry: Duplicidade|53,18
1010581|Minha Culpa|10749,18
938
1125899 1165067
1125899 822119
1125899 1373723
1125899 1229730
1125899 1261050
1125899 1197306
1125899 257094
1125899 1297763
1125899 1356039
1125899 1126166
1125899 939243
1125899 950396
1125899 1077782
1125899 1405338
1125899 777443
1125899 1217379
1125899 1084199
1125899 1143407
1125899 1062276
1125899 927342
1125899 1151470
1125899 539972
1125899 995926
1125899 912649
1125899 912032
1125899 1357633
1125899 1160956
1125899 558449
1125899 1140535
1125899 1391385
1125899 533535
1125899 1210938
1125899 926670
1125899 1226406
1125899 1407861
1125899 1244361
1125899 1145725
1165067 822119
1165067 1197306
1165067 257094
1165067 1356039
1165067 1126166
1165067 939243
1165067 950396
1165067 1405338
1165067 777443
1165067 1217379
1165067 1084199
1165067 1143407
1165067 1151470
1165067 539972
1165067 912649
1165067 912032
1165067 696506
1165067 1140535
1165067 1391385
1165067 533535
1165067 1210938
1165067 926670
1165067 519182
1165067 1184918
1165067 933260
1165067 1407861
1165067 1244361
1165067 1145725
822119 1373723
822119 1229730
822119 1261050
822119 1197306
822119 257094
822119 1297763
822119 1356039
822119 1126166
822119 939243
822119 950396
822119 1077782
822119 1405338
822119 777443
822119 1217379
822119 1084199
822119 1143407
822119 1062276
822119 927342
822119 1151470
822119 539972
822119 995926
822119 912649
822119 912032
822119 1357633
822119 1160956
822119 558449
822119 696506
822119 1140535
822119 1391385
822119 533535
822119 1210938
822119 926670
822119 519182
822119 1226406
822119 1184918
822119 933260
822119 1407861
822119 1244361
822119 1145725
1373723 1229730
1373723 1261050
1373723 1197306
1373723 1297763
1373723 1356039
1373723 1126166
1373723 939243
1373723 1077782
1373723 1405338
1373723 777443
1373723 1217379
1373723 1143407
1373723 1062276
1373723 927342
1373723 1151470
1373723 539972
1373723 995926
1373723 912649
1373723 1357633
1373723 1160956
1373723 558449
1373723 533535
1373723 926670
1373723 1226406
1373723 1407861
1373723 1244361
1229730 1261050
1229730 1197306
1229730 762509
1229730 1241982
1229730 1297763
1229730 1356039
1229730 1126166
1229730 939243
1229730 1077782
1229730 1405338
1229730 777443
1229730 1217379
1229730 950387
1229730 1143407
1229730 1062276
1229730 927342
1229730 1151470
1229730 539972
1229730 995926
1229730 1104845
1229730 912649
1229730 823219
1229730 1357633
1229730 1160956
1229730 558449
1229730 696506
1229730 533535
1229730 926670
1229730 1226406
1229730 1407861
1229730 1244361
1261050 1197306
1261050 1297763
1261050 1356039
1261050 1254786
1261050 1126166
1261050 939243
1261050 1077782
1261050 1405338
1261050 1252309
1261050 777443
1261050 1217379
1261050 1143407
1261050 1062276
1261050 927342
1261050 1151470
1261050 539972
1261050 995926
1261050 912649
1261050 1357633
1261050 1064486
1261050 1160956
1261050 558449
1261050 1140535
1261050 1391385
1261050 533535
1261050 926670
1261050 1226406
1261050 1407861
1261050 1064213
1261050 1244361
1261050 1145725
1261050 1010581
1197306 257094
1197306 1297763
1197306 1356039
1197306 1126166
1197306 939243
1197306 950396
1197306 1077782
1197306 1405338
1197306 777443
1197306 1217379
1197306 1084199
1197306 1143407
1197306 1062276
1197306 927342
1197306 1151470
1197306 539972
1197306 995926
1197306 912649
1197306 912032
1197306 1357633
1197306 1160956
1197306 558449
1197306 1140535
1197306 1391385
1197306 533535
1197306 1210938
1197306 926670
1197306 1226406
1197306 1407861
1197306 1244361
1197306 1145725
1388366 1301650
1388366 1139937
1388366 1124620
1388366 1441734
1388366 1084199
1388366 1062276
1388366 912032
1388366 1140535
1388366 937393
1388366 933260
1388366 1407861
1388366 1286663
1388366 1244361
447273 762509
447273 1241982
447273 939243
447273 1139937
447273 1405338
447273 950387
447273 1104845
447273 823219
447273 1357633
447273 926670
447273 519182
447273 1184918
762509 1241982
762509 1297763
762509 1356039
762509 939243
762509 777443
762509 950387
762509 927342
762509 539972
762509 1104845
762509 912649
762509 823219
762509 1357633
762509 1064486
762509 558449
762509 696506
762509 926670
762509 519182
762509 1184918
1241982 1297763
1241982 1356039
1241982 1254786
1241982 939243
1241982 1077782
1241982 777443
1241982 1124620
1241982 950387
1241982 1084199
1241982 927342
1241982 539972
1241982 1104845
1241982 912649
1241982 823219
1241982 1357633
1241982 1064486
1241982 1160956
1241982 558449
1241982 696506
1241982 533535
1241982 926670
1241982 519182
1241982 1226406
1241982 1184918
1241982 1064213
257094 1356039
257094 1126166
257094 950396
257094 1405338
257094 1217379
257094 1084199
257094 1143407
257094 1151470
257094 539972
257094 912032
257094 1140535
257094 1391385
257094 1210938
257094 1407861
257094 1244361
257094 1145725
1297763 1356039
1297763 1126166
1297763 939243
1297763 1077782
1297763 1405338
1297763 777443
1297763 1217379
1297763 1143407
1297763 1062276
1297763 927342
1297763 1151470
1297763 539972
1297763 995926
1297763 1104845
1297763 912649
1297763 823219
1297763 1357633
1297763 1064486
1297763 1160956
1297763 558449
1297763 533535
1297763 926670
1297763 519182
1297763 1226406
1297763 1184918
1297763 1407861
1297763 1244361
1356039 1126166
1356039 939243
1356039 950396
1356039 1077782
1356039 1405338
1356039 777443
1356039 1217379
1356039 950387
1356039 1084199
1356039 1143407
1356039 1062276
1356039 927342
1356039 1151470
1356039 539972
1356039 995926
1356039 1104845
1356039 912649
1356039 912032
1356039 823219
1356039 1357633
1356039 1160956
1356039 558449
1356039 696506
1356039 1140535
1356039 1391385
1356039 533535
1356039 1210938
1356039 926670
1356039 1226406
1356039 1407861
1356039 1244361
1356039 1145725
1254786 939243
1254786 950396
1254786 1077782
1254786 1252309
1254786 1124620
1254786 950387
1254786 1084199
1254786 927342
1254786 1104845
1254786 1064486
1254786 1160956
1254786 558449
1254786 696506
1254786 1140535
1254786 1391385
1254786 533535
1254786 926670
1254786 519182
1254786 1226406
1254786 1064213
1254786 1145725
1254786 1010581
1301650 1139937
1301650 1124620
1301650 1441734
1301650 1084199
1301650 1062276
1301650 912032
1301650 1140535
1301650 937393
1301650 933260
1301650 1407861
1301650 1286663
1301650 1244361
1126166 939243
1126166 950396
1126166 1077782
1126166 1405338
1126166 777443
1126166 1217379
1126166 1084199
1126166 1143407
1126166 1062276
1126166 927342
1126166 1151470
1126166 539972
1126166 995926
1126166 912649
1126166 912032
1126166 1357633
1126166 1160956
1126166 558449
1126166 1140535
1126166 1391385
1126166 533535
1126166 1210938
1126166 926670
1126166 1226406
1126166 1407861
1126166 1244361
1126166 1145725
939243 950396
939243 1139937
939243 1077782
939243 1405338
939243 777443
939243 1217379
939243 1124620
939243 950387
939243 1084199
939243 1143407
939243 1062276
939243 927342
939243 1151470
939243 539972
939243 995926
939243 1104845
939243 912649
939243 912032
939243 823219
939243 1357633
939243 1064486
939243 1160956
939243 558449
939243 696506
939243 533535
939243 926670
939243 519182
939243 1226406
939243 1184918
939243 933260
939243 1407861
939243 1064213
939243 1244361
950396 1405338
950396 1252309
950396 777443
950396 1217379
950396 1084199
950396 1143407
950396 1151470
950396 539972
950396 912649
950396 912032
950396 696506
950396 1140535
950396 1391385
950396 533535
950396 1210938
950396 926670
950396 519182
950396 1226406
950396 1184918
950396 933260
950396 1407861
950396 1064213
950396 1244361
950396 1145725
950396 1010581
1139937 1405338
1139937 1124620
1139937 1441734
1139937 950387
1139937 1084199
1139937 1062276
1139937 1104845
1139937 912032
1139937 823219
1139937 1357633
1139937 1140535
1139937 937393
1139937 933260
1139937 1407861
1139937 1286663
1139937 1244361
1077782 1405338
1077782 777443
1077782 1217379
1077782 1124620
1077782 950387
1077782 1084199
1077782 1143407
1077782 1062276
1077782 927342
1077782 1151470
1077782 539972
1077782 995926
1077782 1104845
1077782 912649
1077782 1357633
1077782 1064486
1077782 1160956
1077782 558449
1077782 696506
1077782 533535
1077782 926670
1077782 519182
1077782 1226406
1077782 1407861
1077782 1064213
1077782 1244361
1405338 777443
1405338 1217379
1405338 950387
1405338 1084199
1405338 1143407
1405338 1062276
1405338 927342
1405338 1151470
1405338 539972
1405338 995926
1405338 1104845
1405338 912649
1405338 912032
1405338 823219
1405338 1357633
1405338 1160956
1405338 558449
1405338 1140535
1405338 1391385
1405338 533535
1405338 1210938
1405338 926670
1405338 1226406
1405338 1407861
1405338 1244361
1405338 1145725
1252309 927342
1252309 1064486
1252309 558449
1252309 1140535
1252309 1391385
1252309 1226406
1252309 1064213
1252309 1145725
1252309 1010581
777443 1217379
777443 950387
777443 1084199
777443 1143407
777443 1062276
777443 927342
777443 1151470
777443 539972
777443 995926
777443 1104845
777443 912649
777443 912032
777443 823219
777443 1357633
777443 1160956
777443 558449
777443 696506
777443 533535
777443 926670
777443 519182
777443 1226406
777443 1184918
777443 933260
777443 1407861
777443 1244361
1217379 1084199
1217379 1143407
1217379 1062276
1217379 927342
1217379 1151470
1217379 539972
1217379 995926
1217379 912649
1217379 912032
1217379 1357633
1217379 1160956
1217379 558449
1217379 1140535
1217379 1391385
1217379 533535
1217379 1210938
1217379 926670
1217379 1226406
1217379 1407861
1217379 1244361
1217379 1145725
1124620 1441734
1124620 950387
1124620 1084199
1124620 1062276
1124620 1104845
1124620 912032
1124620 1064486
1124620 1160956
1124620 696506
1124620 1140535
1124620 533535
1124620 926670
1124620 519182
1124620 937393
1124620 1226406
1124620 933260
1124620 1407861
1124620 1064213
1124620 1286663
1124620 1244361
1441734 1084199
1441734 1062276
1441734 912032
1441734 1140535
1441734 937393
1441734 933260
1441734 1407861
1441734 1286663
1441734 1244361
950387 1084199
950387 927342
950387 539972
950387 1104845
950387 912649
950387 823219
950387 1357633
950387 1064486
950387 1160956
950387 558449
950387 696506
950387 533535
950387 926670
950387 519182
950387 1226406
950387 1184918
950387 1064213
1084199 1143407
1084199 1062276
1084199 1151470
1084199 539972
1084199 1104845
1084199 912649
1084199 912032
1084199 1064486
1084199 1160956
1084199 696506
1084199 1140535
1084199 1391385
1084199 533535
1084199 1210938
1084199 926670
1084199 519182
1084199 937393
1084199 1226406
1084199 1184918
1084199 933260
1084199 1407861
1084199 1064213
1084199 1286663
1084199 1244361
1084199 1145725
1143407 1062276
1143407 927342
1143407 1151470
1143407 539972
1143407 995926
1143407 912649
1143407 912032
1143407 1357633
1143407 1160956
1143407 558449
1143407 1140535
1143407 1391385
1143407 533535
1143407 1210938
1143407 926670
1143407 1226406
1143407 1407861
1143407 1244361
1143407 1145725
1062276 927342
1062276 1151470
1062276 539972
1062276 995926
1062276 912649
1062276 912032
1062276 1357633
1062276 1160956
1062276 558449
1062276 1140535
1062276 533535
1062276 926670
1062276 937393
1062276 1226406
1062276 933260
1062276 1407861
1062276 1286663
1062276 1244361
927342 1151470
927342 539972
927342 995926
927342 1104845
927342 912649
927342 823219
927342 1357633
927342 1064486
927342 1160956
927342 558449
927342 696506
927342 1140535
927342 1391385
927342 533535
927342 926670
927342 1226406
927342 1407861
927342 1064213
927342 1244361
927342 1145725
927342 1010581
1151470 539972
1151470 995926
1151470 912649
1151470 912032
1151470 1357633
1151470 1160956
1151470 558449
1151470 1140535
1151470 1391385
1151470 533535
1151470 1210938
1151470 926670
1151470 1226406
1151470 1407861
1151470 1244361
1151470 1145725
539972 995926
539972 1104845
539972 912649
539972 912032
539972 823219
539972 1357633
539972 1160956
539972 558449
539972 696506
539972 1140535
539972 1391385
539972 533535
539972 1210938
539972 926670
539972 1226406
539972 1407861
539972 1244361
539972 1145725
995926 912649
995926 1357633
995926 1160956
995926 558449
995926 533535
995926 1210938
995926 926670
995926 1226406
995926 1407861
995926 1244361
1104845 912649
1104845 823219
1104845 1357633
1104845 1064486
1104845 1160956
1104845 558449
1104845 696506
1104845 533535
1104845 926670
1104845 519182
1104845 1226406
1104845 1184918
1104845 1064213
912649 912032
912649 823219
912649 1357633
912649 1160956
912649 558449
912649 696506
912649 533535
912649 926670
912649 519182
912649 1226406
912649 1184918
912649 933260
912649 1407861
912649 1244361
912032 696506
912032 1140535
912032 1391385
912032 533535
912032 1210938
912032 926670
912032 519182
912032 937393
912032 1184918
912032 933260
912032 1407861
912032 1286663
912032 1244361
912032 1145725
823219 1357633
823219 1064486
823219 558449
823219 696506
823219 519182
823219 1184918
1357633 1064486
1357633 1160956
1357633 558449
1357633 696506
1357633 533535
1357633 926670
1357633 519182
1357633 1226406
1357633 1184918
1357633 1407861
1357633 1244361
1064486 1160956
1064486 558449
1064486 696506
1064486 1140535
1064486 1391385
1064486 533535
1064486 926670
1064486 519182
1064486 1226406
1064486 1184918
1064486 1064213
1064486 1145725
1064486 1010581
1160956 558449
1160956 696506
1160956 533535
1160956 926670
1160956 519182
1160956 1226406
1160956 1407861
1160956 1064213
1160956 1244361
558449 696506
558449 1140535
558449 1391385
558449 533535
558449 926670
558449 1226406
558449 1407861
558449 1064213
558449 1244361
558449 1145725
558449 1010581
696506 533535
696506 926670
696506 519182
696506 1226406
696506 1184918
696506 933260
696506 1064213
1140535 1391385
1140535 1210938
1140535 937393
1140535 933260
1140535 1407861
1140535 1064213
1140535 1286663
1140535 1244361
1140535 1145725
1140535 1010581
1391385 1210938
1391385 1407861
1391385 1064213
1391385 1244361
1391385 1145725
1391385 1010581
533535 926670
533535 519182
533535 1226406
533535 1184918
533535 933260
533535 1407861
533535 1064213
533535 1244361
1210938 1407861
1210938 1244361
1210938 1145725
926670 519182
926670 1226406
926670 1184918
926670 933260
926670 1407861
926670 1064213
926670 1244361
519182 1226406
519182 1184918
519182 933260
519182 1064213
937393 933260
937393 1407861
937393 1286663
937393 1244361
1226406 1407861
1226406 1064213
1226406 1244361
1226406 1010581
1184918 933260
933260 1407861
933260 1286663
933260 1244361
1407861 1286663
1407861 1244361
1407861 1145725
1064213 1145725
1064213 1010581
1286663 1244361
1244361 1145725
1145725 1010581
